  29 113 179  45 189  34 188 124 200 167   6  75 236  92  27 117
 121 167 140 110  50 202  47  93  75 151  98  29 204 181 107 110
 161  28 150 192 193   2 135 156  89  79 182  96  92  53 168 221
  55  99  60  68  41  65  94  98 190   4 145 179 167 120  54  59
 182   2  44 161 168 198 209  34  23 194  89 202 185 233 168 130
 228 249 184  90  95  11 161  80 143 142 187 239 237 239 167 169
 239  56 193 239 167 252 175  47 129 109  57 160 199   6 142 158
 111 133 239 116 154 226  80 213  28 161 191 136 217 210 194 180
 185 253 146  31 211  20  63 162 202  28  44 217  37 126 111 141
  37 184   8 134  48 192
